# Created by Octave 4.0.0, Tue Aug 25 22:22:28 2015 IST <manpreet@hp>
# name: M
# type: matrix
# rows: 3
# columns: 5
 1 1 1 1 1
 2 3 2 2 2
 3 3 3 3 3


