

 A=[1 2 3 4 ; 4 7 7 4; 3 6 7 0]
 A
 





