# Created by Octave 4.0.0, Tue Aug 25 22:12:20 2015 IST <manpreet@hp>
# name: A
# type: matrix
# rows: 2
# columns: 6
 1 2 3 4 5 6
 7 8 9 0 5 4


